header: 
  seq: 0
  stamp: 
    secs: 1375381726
    nsecs: 627152221
  frame_id: /mopi_camera_rgb_optical_frame
height: 480
width: 640
distortion_model: plumb_bob
D: [0.137729212717395, -0.249117253980827, -0.00715054396100437, 0.00337603802209175, 0.0]
K: [516.418337820102, 0.0, 334.805283010106, 0.0, 516.952505067977, 252.202200378966, 0.0, 0.0, 1.0]
R: [1.0, 0.0, 0.0, 0.0, 1.0, 0.0, 0.0, 0.0, 1.0]
P: [524.110107421875, 0.0, 336.974843310963, 0.0, 0.0, 527.011596679688, 249.130302632624, 0.0, 0.0, 0.0, 1.0, 0.0]
binning_x: 0
binning_y: 0
roi: 
  x_offset: 0
  y_offset: 0
  height: 0
  width: 0
  do_rectify: False
