%YAML:1.0
calibration_time: "Thu 29 Nov 2012 02:47:34 PM CET"
nframes: 10
image_width: 640
image_height: 480
board_width: 7
board_height: 5
square_size: 3.0999999493360519e-02
flags: 0
camera_matrix: !!opencv-matrix
   rows: 3
   cols: 3
   dt: d
   data: [ 6.5282368244472104e+02, 0., 2.8512945251750091e+02, 0.,
       6.5831840521080176e+02, 2.3929204792676040e+02, 0., 0., 1. ]
distortion_coefficients: !!opencv-matrix
   rows: 5
   cols: 1
   dt: d
   data: [ 3.3340630964467199e-03, -2.6071761480763661e-01,
       1.3075880556206022e-02, -7.8532662333492004e-03,
       2.9415156499441414e-01 ]
avg_reprojection_error: 3.3066973738049993e-01
per_view_reprojection_errors: !!opencv-matrix
   rows: 10
   cols: 1
   dt: f
   data: [ 2.58457899e-01, 2.51790434e-01, 3.44170898e-01,
       4.53826934e-01, 3.33905876e-01, 3.51261288e-01, 3.41581225e-01,
       3.54404062e-01, 2.97084957e-01, 2.70917475e-01 ]
# a set of 6-tuples (rotation vector + translation vector) for each view
extrinsic_parameters: !!opencv-matrix
   rows: 10
   cols: 6
   dt: d
   data: [ 8.4654848459263063e-02, 5.7163593340173613e-01,
       3.0088872403703553e+00, -2.9416467233483401e-02,
       1.3392216957017150e-01, 5.7804185026921939e-01,
       4.6430671876973012e-01, 1.8007815985432518e-01,
       2.9511147645119697e+00, 4.1250943753002978e-02,
       -2.8381265587549092e-02, 5.4067794871023589e-01,
       4.7468055665423892e-01, 1.5808598600713450e-01,
       3.0469915530852041e+00, 1.9222665533898925e-01,
       -8.0691965198793625e-03, 4.7388399630937716e-01,
       -2.5859097535023690e-01, 1.2423206177451951e-01,
       1.0258056284924190e-01, 6.0903677754428412e-02,
       -1.8926556509243332e-02, 6.2537923898272529e-01,
       -3.3721536029909494e-01, 2.0584315217226723e-01,
       3.0162259997566603e-02, -4.4980031532907541e-02,
       2.6473545864532929e-02, 5.0578382471277872e-01,
       -2.7875731775136370e-01, -4.9246194315042546e-01,
       -3.0558042445278955e+00, 1.5248925644512493e-01,
       7.3765995856522132e-02, 5.0268568753895504e-01,
       2.2002683781579119e-01, -8.4208780593389598e-02,
       8.2275998954285195e-02, -9.0463400929652032e-03,
       -1.5817500341688062e-01, 5.4177129190910467e-01,
       2.5170779697719792e-01, -1.2250019544830555e-01,
       7.2729901286251564e-02, -2.2324497940716077e-02,
       -1.4931980529509767e-01, 5.3402361169413493e-01,
       -3.8857570648078993e-01, -6.7569779253705520e-01,
       -3.0225166557087775e+00, 2.5206222651227128e-01,
       1.5801868992222398e-01, 6.4329874918522278e-01,
       -3.8876580297354341e-01, -6.8181463325771441e-01,
       -3.0278182490733134e+00, 2.5358957294093115e-01,
       1.6137948059516388e-01, 6.4142939208898497e-01 ]
image_points: !!opencv-matrix
   rows: 10
   cols: 35
   dt: "2f"
   data: [ 2.51365479e+02, 3.93109375e+02, 2.16224274e+02,
       3.96037201e+02, 1.81235428e+02, 3.99091400e+02, 1.46507690e+02,
       4.01923828e+02, 1.11983955e+02, 4.04896545e+02, 7.76000061e+01,
       4.07567963e+02, 4.34635239e+01, 4.10463593e+02, 2.50102081e+02,
       3.57616913e+02, 2.15605301e+02, 3.60650818e+02, 1.81367661e+02,
       3.63810760e+02, 1.47211639e+02, 3.66609100e+02, 1.13358017e+02,
       3.69632599e+02, 7.97893982e+01, 3.72379974e+02, 4.61185913e+01,
       3.74826752e+02, 2.48434021e+02, 3.23482910e+02, 2.14982773e+02,
       3.26564789e+02, 1.81375046e+02, 3.29746246e+02, 1.47751648e+02,
       3.32566254e+02, 1.14657043e+02, 3.35608154e+02, 8.16423340e+01,
       3.38471100e+02, 4.85489197e+01, 3.41168793e+02, 2.47153061e+02,
       2.90444550e+02, 2.14309998e+02, 2.93670776e+02, 1.81343613e+02,
       2.96744354e+02, 1.48409790e+02, 2.99961365e+02, 1.15638062e+02,
       3.02793884e+02, 8.31097488e+01, 3.05681061e+02, 5.05869370e+01,
       3.08293915e+02, 2.45626968e+02, 2.58735321e+02, 2.13432495e+02,
       2.62230225e+02, 1.81088196e+02, 2.65226562e+02, 1.48933258e+02,
       2.68359497e+02, 1.16569977e+02, 2.71282898e+02, 8.45559464e+01,
       2.73840332e+02, 5.31550484e+01, 2.76916901e+02, 3.35345062e+02,
       2.04723526e+02, 2.99658386e+02, 2.11363693e+02, 2.65257111e+02,
       2.17814499e+02, 2.31675522e+02, 2.24043030e+02, 1.99465851e+02,
       2.30302460e+02, 1.67973816e+02, 2.36382980e+02, 1.37672791e+02,
       2.42174561e+02, 3.29702545e+02, 1.68775986e+02, 2.94584442e+02,
       1.75617615e+02, 2.60633179e+02, 1.82590469e+02, 2.27475494e+02,
       1.89371628e+02, 1.95664536e+02, 1.96113159e+02, 1.65180099e+02,
       2.02512390e+02, 1.35035919e+02, 2.08839462e+02, 3.24432709e+02,
       1.33418655e+02, 2.89732819e+02, 1.40755325e+02, 2.56110413e+02,
       1.48258728e+02, 2.23516281e+02, 1.55328339e+02, 1.92110596e+02,
       1.62355789e+02, 1.61712006e+02, 1.69260513e+02, 1.32097717e+02,
       1.76190430e+02, 3.19456970e+02, 9.86358643e+01, 2.85229004e+02,
       1.06508652e+02, 2.51850204e+02, 1.14352402e+02, 2.19635101e+02,
       1.21761673e+02, 1.88355133e+02, 1.29204102e+02, 1.58177795e+02,
       1.36543152e+02, 1.28652496e+02, 1.43701447e+02, 3.14226288e+02,
       6.44273834e+01, 2.80660400e+02, 7.28661728e+01, 2.47768478e+02,
       8.10816879e+01, 2.15955475e+02, 8.91152115e+01, 1.84802032e+02,
       9.67799072e+01, 1.54799042e+02, 1.04531464e+02, 1.26202148e+02,
       1.12354095e+02, 5.45605530e+02, 2.28989868e+02, 5.02727570e+02,
       2.31807220e+02, 4.60566528e+02, 2.34557648e+02, 4.19482056e+02,
       2.37354034e+02, 3.79608795e+02, 2.40100586e+02, 3.40911102e+02,
       2.42511093e+02, 3.03834259e+02, 2.45298950e+02, 5.41713745e+02,
       1.87706024e+02, 4.99099548e+02, 1.90995346e+02, 4.57352295e+02,
       1.94371658e+02, 4.16609314e+02, 1.97508163e+02, 3.77291107e+02,
       2.00826111e+02, 3.39323242e+02, 2.04341202e+02, 3.02410706e+02,
       2.07487854e+02, 5.37847778e+02, 1.47316467e+02, 4.95749481e+02,
       1.50938995e+02, 4.54237427e+02, 1.54663605e+02, 4.13880463e+02,
       1.58448547e+02, 3.75069397e+02, 1.62404480e+02, 3.37496582e+02,
       1.66485062e+02, 3.01007416e+02, 1.70067307e+02, 5.34010010e+02,
       1.07457977e+02, 4.92405548e+02, 1.11430283e+02, 4.51473511e+02,
       1.15534531e+02, 4.11339996e+02, 1.19836082e+02, 3.72651733e+02,
       1.24490181e+02, 3.35425262e+02, 1.28911667e+02, 2.99093567e+02,
       1.33430496e+02, 5.30226257e+02, 6.81740570e+01, 4.89073761e+02,
       7.24392014e+01, 4.48310699e+02, 7.69748154e+01, 4.08789581e+02,
       8.20167236e+01, 3.70498840e+02, 8.70158539e+01, 3.33455719e+02,
       9.21486435e+01, 2.97774780e+02, 9.73978653e+01, 3.49319275e+02,
       2.20250717e+02, 3.81318451e+02, 2.22599060e+02, 4.13579956e+02,
       2.25080002e+02, 4.46572388e+02, 2.27688553e+02, 4.79826691e+02,
       2.30842148e+02, 5.13394531e+02, 2.33732086e+02, 5.46581848e+02,
       2.37512024e+02, 3.46273193e+02, 2.50934647e+02, 3.78479431e+02,
       2.53715439e+02, 4.11478668e+02, 2.56771820e+02, 4.44844086e+02,
       2.59691010e+02, 4.78608124e+02, 2.63085938e+02, 5.12541992e+02,
       2.66446960e+02, 5.46476929e+02, 2.69764709e+02, 3.42988403e+02,
       2.83202667e+02, 3.75891693e+02, 2.86307434e+02, 4.09224365e+02,
       2.89718689e+02, 4.43390533e+02, 2.92789093e+02, 4.77636658e+02,
       2.96663361e+02, 5.11931335e+02, 2.99838531e+02, 5.46313477e+02,
       3.03667419e+02, 3.39493744e+02, 3.16718018e+02, 3.73112366e+02,
       3.20073608e+02, 4.06863708e+02, 3.23465088e+02, 4.41524689e+02,
       3.27299316e+02, 4.76377472e+02, 3.31169769e+02, 5.11046021e+02,
       3.35035034e+02, 5.46010620e+02, 3.38653870e+02, 3.35715546e+02,
       3.50976776e+02, 3.69884277e+02, 3.55046234e+02, 4.04619843e+02,
       3.59029968e+02, 4.39661041e+02, 3.62892731e+02, 4.74868317e+02,
       3.67118530e+02, 5.10418793e+02, 3.70728577e+02, 5.45636292e+02,
       3.74836761e+02, 2.27371002e+02, 2.74241547e+02, 2.66013916e+02,
       2.73827393e+02, 3.05706848e+02, 2.73978851e+02, 3.46682678e+02,
       2.74156616e+02, 3.88582428e+02, 2.74549622e+02, 4.31526306e+02,
