%YAML:1.0
calibration_time: "Wed Nov 28 22:41:51 2012"
nframes: 10
image_width: 640
image_height: 480
board_width: 7
board_height: 5
square_size: 3.0999999493360519e-02
flags: 0
camera_matrix: !!opencv-matrix
   rows: 3
   cols: 3
   dt: d
   data: [ 5.4284625387476956e+02, 0., 3.1308915045178691e+02, 0.,
       5.4217281304334654e+02, 2.2725382057971225e+02, 0., 0., 1. ]
distortion_coefficients: !!opencv-matrix
   rows: 5
   cols: 1
   dt: d
   data: [ 8.2303888775855802e-02, -2.8005135526383590e-01,
       -7.4952516813250544e-04, -2.1253714148547725e-03,
       2.7153978172258608e-01 ]
avg_reprojection_error: 1.8755595088844823e-01
per_view_reprojection_errors: !!opencv-matrix
   rows: 10
   cols: 1
   dt: f
   data: [ 1.88583121e-01, 1.80701733e-01, 1.89070150e-01,
       2.13054091e-01, 1.08370446e-01, 1.99927077e-01, 2.02586085e-01,
       2.08349496e-01, 1.84117392e-01, 1.79864511e-01 ]
# a set of 6-tuples (rotation vector + translation vector) for each view
extrinsic_parameters: !!opencv-matrix
   rows: 10
   cols: 6
   dt: d
   data: [ 2.8518664629940443e-01, -6.4656516661870389e-02,
       1.7249687143586694e-02, 1.9553470860529838e-02,
       -2.3098941681853710e-01, 7.7913191723329678e-01,
       4.3894754251702257e-02, -4.5185844690634730e-01,
       1.1670932210356148e-02, -3.1530829195786803e-01,
       -1.8532003968582345e-01, 7.5626942047882995e-01,
       -1.4015549341763607e-02, 8.9482949159074787e-02,
       3.0745116594439033e+00, 4.3190783804949597e-02,
       8.6130178713196698e-02, 9.9631729383575651e-01,
       -4.9992515089180994e-01, 3.3299132997597480e-01,
       2.9656725666490997e+00, 1.1685224122261800e-01,
       5.0548065087037929e-02, 5.6008812045779377e-01,
       -3.8801526855206564e-01, -3.2720055053021130e-01,
       2.7179410878575303e+00, -1.3465133438383553e-01,
       -1.0646079523638600e-01, 7.7672684667127312e-01,
       -1.8981499794772080e-01, 5.7476840961971487e-01,
       3.0172294363726699e+00, 6.2409365179385660e-03,
       1.4429222289368587e-01, 5.4210068984079562e-01,
       -5.6818076432174225e-01, 7.0741792681231330e-01,
       -2.9602547403763624e+00, 2.4315974105565092e-02,
       -7.4800040279829824e-02, 7.0286158600756610e-01,
       3.4171595668782057e-01, -6.5580759405682421e-01,
       3.0306312716352668e+00, 2.3058046015386480e-01,
       4.3774879365866833e-02, 6.4594546462388469e-01,
       1.2820067697044915e-01, -9.5475352244466671e-01,
       2.9321161438266596e+00, 1.9909633101433566e-01,
       -1.0952343608238148e-01, 6.5914131567850864e-01,
       -2.3047106911047252e-01, 1.9931064381973229e-01,
       4.9815768637627232e-02, -5.5758870515804755e-02,
       6.8632891234319329e-02, 5.0195509648169478e-01 ]
image_points: !!opencv-matrix
   rows: 10
   cols: 35
   dt: "2f"
   data: [ 3.26630798e+02, 6.55168304e+01, 3.48219543e+02,
       6.61131287e+01, 3.69607727e+02, 6.66575241e+01, 3.90778961e+02,
       6.74290771e+01, 4.12409363e+02, 6.76687164e+01, 4.33853516e+02,
       6.83606491e+01, 4.54492493e+02, 6.91061325e+01, 3.26281342e+02,
       8.81990280e+01, 3.47359436e+02, 8.85136566e+01, 3.68457886e+02,
       8.90419464e+01, 3.89571625e+02, 8.96521454e+01, 4.10483704e+02,
       9.01075211e+01, 4.31762238e+02, 9.05260239e+01, 4.52280334e+02,
       9.12030563e+01, 3.25370239e+02, 1.10269653e+02, 3.46362427e+02,
       1.10614807e+02, 3.67349030e+02, 1.10792587e+02, 3.87887177e+02,
       1.11366821e+02, 4.08901062e+02, 1.11951378e+02, 4.29495575e+02,
       1.12422760e+02, 4.50388550e+02, 1.12610397e+02, 3.24717773e+02,
       1.31558334e+02, 3.45519012e+02, 1.31845886e+02, 3.66395782e+02,
       1.32281479e+02, 3.86690613e+02, 1.32669998e+02, 4.07029083e+02,
       1.33210297e+02, 4.27662292e+02, 1.33301743e+02, 4.48379761e+02,
       1.33646088e+02, 3.23942749e+02, 1.52675232e+02, 3.44532074e+02,
       1.52860092e+02, 3.65136810e+02, 1.53256485e+02, 3.85490570e+02,
       1.53559509e+02, 4.05690277e+02, 1.53841187e+02, 4.26130005e+02,
       1.54004044e+02, 4.46120697e+02, 1.54412170e+02, 8.43310776e+01,
       9.31162872e+01, 1.08234512e+02, 9.55145035e+01, 1.31295944e+02,
       9.79136963e+01, 1.53537933e+02, 1.00314384e+02, 1.75462311e+02,
       1.02496040e+02, 1.96551834e+02, 1.04392448e+02, 2.16459595e+02,
       1.06512756e+02, 8.43583145e+01, 1.15401436e+02, 1.08172882e+02,
       1.17526482e+02, 1.31257492e+02, 1.19669746e+02, 1.53520706e+02,
       1.21843895e+02, 1.75327942e+02, 1.23484024e+02, 1.96391052e+02,
       1.25175697e+02, 2.16318939e+02, 1.27230392e+02, 8.42370224e+01,
       1.37932495e+02, 1.08174553e+02, 1.39791489e+02, 1.31206512e+02,
       1.41322388e+02, 1.53453781e+02, 1.43161362e+02, 1.75079132e+02,
       1.44444885e+02, 1.96215652e+02, 1.45929031e+02, 2.16112946e+02,
       1.47524536e+02, 8.42053299e+01, 1.60546326e+02, 1.08137115e+02,
       1.61854858e+02, 1.31090744e+02, 1.63255844e+02, 1.53429962e+02,
       1.64359375e+02, 1.74771088e+02, 1.65511612e+02, 1.95638260e+02,
       1.66618896e+02, 2.15805161e+02, 1.67593857e+02, 8.41458969e+01,
       1.82917633e+02, 1.08193756e+02, 1.84012146e+02, 1.31138168e+02,
       1.84613632e+02, 1.53401566e+02, 1.85588272e+02, 1.74716080e+02,
       1.86324219e+02, 1.95680542e+02, 1.87224426e+02, 2.15699356e+02,
       1.87586426e+02, 3.36541382e+02, 2.74165131e+02, 3.19753113e+02,
       2.75452209e+02, 3.02640442e+02, 2.76360016e+02, 2.86171783e+02,
       2.77363861e+02, 2.68882080e+02, 2.78630127e+02, 2.52126099e+02,
       2.79938995e+02, 2.35190506e+02, 2.80871460e+02, 3.35544617e+02,
       2.57319977e+02, 3.18551758e+02, 2.58422546e+02, 3.01938751e+02,
       2.59579987e+02, 2.84811005e+02, 2.60599426e+02, 2.68093719e+02,
       2.61565674e+02, 2.51259460e+02, 2.62770294e+02, 2.33912109e+02,
       2.64264679e+02, 3.34540924e+02, 2.40471924e+02, 3.17570374e+02,
       2.41666489e+02, 3.00862305e+02, 2.42625336e+02, 2.83799194e+02,
       2.43579315e+02, 2.67326202e+02, 2.44801086e+02, 2.50045395e+02,
       2.46010742e+02, 2.33344498e+02, 2.47144302e+02, 3.33230072e+02,
       2.23756317e+02, 3.16563446e+02, 2.24732819e+02, 2.99583984e+02,
       2.25984253e+02, 2.82949280e+02, 2.27190002e+02, 2.65955292e+02,
       2.27855240e+02, 2.49275665e+02, 2.29290146e+02, 2.31973297e+02,
       2.30434021e+02, 3.31747040e+02, 2.06893829e+02, 3.15325500e+02,
       2.08383392e+02, 2.98417145e+02, 2.09230225e+02, 2.81639984e+02,
       2.10162430e+02, 2.65055573e+02, 2.11441360e+02, 2.48054779e+02,
       2.12575134e+02, 2.31236710e+02, 2.13569321e+02, 4.26549530e+02,
       2.76374146e+02, 3.99694183e+02, 2.79523956e+02, 3.71847137e+02,
       2.82938202e+02, 3.43377045e+02, 2.86585968e+02, 3.13560120e+02,
       2.90383209e+02, 2.82526947e+02, 2.94095276e+02, 2.49853989e+02,
       2.98285950e+02, 4.20925964e+02, 2.46738800e+02, 3.94363739e+02,
       2.49456879e+02, 3.66706665e+02, 2.52467438e+02, 3.38403412e+02,
       2.55432251e+02, 3.08639282e+02, 2.58221283e+02, 2.77939484e+02,
       2.61621460e+02, 2.45688370e+02, 2.64504303e+02, 4.15539490e+02,
       2.18221191e+02, 3.89081726e+02, 2.20240005e+02, 3.61723083e+02,
       2.22507904e+02, 3.33482910e+02, 2.24580399e+02, 3.04187988e+02,
       2.27247681e+02, 2.73418365e+02, 2.29493820e+02, 2.41550522e+02,
       2.32181641e+02, 4.09988922e+02, 1.89791901e+02, 3.83724792e+02,
       1.91676682e+02, 3.56576141e+02, 1.93613220e+02, 3.28595245e+02,
       1.95318604e+02, 2.99646820e+02, 1.96960144e+02, 2.69249420e+02,
       1.98508469e+02, 2.37661514e+02, 2.00364044e+02, 4.04789764e+02,
       1.62315369e+02, 3.78464630e+02, 1.63582428e+02, 3.51565247e+02,
       1.64925980e+02, 3.23631805e+02, 1.66355179e+02, 2.94823914e+02,
       1.67148163e+02, 2.64788055e+02, 1.68406952e+02, 2.33419418e+02,
       1.69604645e+02, 2.18523758e+02, 1.52632538e+02, 1.98032990e+02,
       1.60473450e+02, 1.77042831e+02, 1.68504517e+02, 1.55607422e+02,
       1.76667358e+02, 1.33841293e+02, 1.85114090e+02, 1.11602600e+02,
